TotalPopulation	LifeExpectancyM	LifeExpectancyF	LifeExpectancyB	HealthyLifeExpectancy	CHEperCapita	CHEpercGDP	MaternalMortality	BirthsSkilledPersonnel	ChildMortality	NeonatalMortality	Tuberculosis	HepatitisB	NTDinterventions	CVDcancerDiabetesCRD	Suicide	Alcohol	TrafficMortality	AdolescentBirth	UHCcoverageIndex	AirPollutionMortality	WASHmortality	PoisoningMortality	DTP3coverage	MCV2coverage	PhysicianDensity	NurseDensity	DentistDensity	PharmacistDensity	IHRCCS13	GGHEDGGE	CleanFuel	UrbanParticulate	NaturalDisaster	Homicide	MajorConflict
Afghanistan	34656	61	64.5	62.7	53	60	10.3	396	50	70.4	40	189	0.5	13275429	29.8	4.7	0.2	15.5	87	34	211.1	13.9	1.2	65	39	0.3	0.4	0	0	42	2	32	59.9	0.7	7.4	37.3
Albania	2926	74.3	78.6	76.4	68.1	266	6.8	29	99	13.5	6.2	16	1.29	21	17	6.3	7.5	15.1	18.9	62	68	0.2	0.4	98	98	1.3	3	0.3	0.8	46	9.5	77	18.2	0	4.2	0.1
Algeria	40606	75.4	77.4	76.4	65.5	292	7.1	140	97	25.2	15.6	70	0.22	0	14.2	3.2	0.9	23.8	9	76	49.7	1.9	0.8	91	96	1.2	1.9	0.3	0.2	75	10.7	93	34.5	0.1	4.2	0.7
Andorra	77	70.3	76.4	73.4	64.9	4316	12	54	97	2.7	1.1	6	0.08	0	18.8	7.9	11.3	7.6	44.35	65	68.6	1.3	0.6	98	90	3.7	4.4	0.9	1.2	29	18.5	95	11.5	0.1	5.2	0.1
Angola	28813	60.3	64.9	62.6	55.8	109	2.9	477	47	82.5	29.3	370	4.85	14419092	16.5	4.7	6.4	26.9	163	36	118.5	48.8	2.7	64	26	0.1	1.4	0.3	0.25	75	3.7	48	28.4	0.1	9.8	0.1
Antigua and Barbuda	101	72.5	77.5	75	67	657	4.8	54	100	8.5	3.8	3.4	0.38	176	22.6	0.5	7	6.7	44.35	75	29.9	0.1	0.4	99	87	1.5	3	0.3	0.25	71	14.9	95	18	0	1.8	0
Argentina	43847	73.5	80.3	76.9	68.4	998	6.8	52	100	11.1	6.2	24	0.01	80002	15.8	9.2	9.8	13.6	65.5	76	26.6	0.4	0.6	92	88	3.9	4.2	0.3	0.25	70	12.3	95	11.7	0.1	6.2	0.1
Armenia	2925	71.2	78.1	74.8	66.3	366	10.1	25	100	13.4	7.4	44	0.25	39149	22.3	6.6	5.5	18.3	24.3	67	54.8	0.2	0.6	94	97	2.8	5.4	0.4	0	95	6.1	95	32.9	0	2.4	0.1
Australia	24126	81	84.8	82.9	73	4934	9.4	6	100	3.7	2.2	6.1	0.15	20994	9.1	13.2	10.6	5.4	11.9	80	8.4	0.1	0.2	94	94	3.5	12.6	0.6	0.8	100	9.5	95	7.3	0.1	1.1	0.1
Austria	8712	79.4	84.2	81.9	72.4	4536	10.3	4	98	3.5	2.2	8.2	0.32	26	11.4	15.6	11.6	5.4	7.6	80	15.3	0.1	0.2	87	89	5.2	8.3	0.6	0.7	68	15.1	95	13.1	0.2	0.5	0.1
Azerbaijan	9725	70.3	75.7	73.1	64.9	368	6.7	25	100	30.9	18.1	66	0.27	1719031	22.2	2.6	0.8	10	52.8	64	63.9	1.1	0.6	97	98	3.4	6.9	0.3	0.2	84	4.1	95	18.5	0	2.4	0.8
Bahamas	391	72.6	78.6	75.7	66.8	1685	7.4	80	100	10.6	5.8	26	0.31	4077	15.5	1.7	4.4	13.8	32	72	19.9	0.1	0.1	94	74	2.3	4	0.4	0.8	78	14.2	95	19	0	29.7	0
Bahrain	1425	78.6	79.6	79.1	68.1	1190	5.2	15	100	7.6	3.1	12	0.18	3	11.3	5.9	1.9	8	14.3	72	40.1	0.1	0.2	99	99	0.9	2.5	0.2	0.2	93	9.5	95	69	0	0.8	0.3
Bangladesh	162952	71.1	74.4	72.7	63.3	32	2.6	176	50	34.2	20.1	221	1.38	47484224	21.6	5.9	0	13.6	78	46	149	11.9	0.3	97	93	0.5	0.3	0	0.6	78	2.8	18	58.6	0.1	2.9	0.1
Barbados	285	73.1	78	75.6	67	1160	7.5	27	99	12.3	7.9	1.2	0.34	1433	16.2	0.8	9.6	6.7	49.7	79	31.1	0.2	0.2	97	87	1.5	3	0.3	0.25	92	7.4	95	22.4	0	10	0
Belarus	9480	68.8	79.2	74.2	65.5	352	6.1	4	100	3.9	1.5	52	0.2	0	23.7	26.2	11.2	13.7	20.4	74	60.7	0.1	2.6	98	98	4.1	11.4	0.6	0.3	90	8.5	95	19.3	0	5.2	0.1
Belgium	11358	78.8	83.5	81.2	71.6	4228	10.5	7	97	3.9	2.2	10	0.18	20	11.4	20.7	12.1	6.7	6.6	80	15.7	0.3	0.2	98	85	3	11.1	0.7	1.2	83	16	95	13	0.1	1	0.1
Belize	367	67.9	73.4	70.5	62.5	301	6.2	28	97	14.9	10.3	38	1.49	7312	22.1	4.7	6.7	24.4	74	61	68.6	1	0.5	95	96	0.8	1.8	0	0.4	55	11.1	85	20.9	0	29.4	0
Benin	10872	59.7	62.4	61.1	53.5	31	4	405	77	97.6	31.4	59	5.55	6938376	19.6	9.9	3	27.7	94	41	205	59.7	3.5	82	89	0.2	0.6	0	0	30	3.4	6	30.4	0.1	6.4	0
Bhutan	798	70.4	70.8	70.6	60.7	91	3.5	148	89	32.4	18.1	178	0.81	241761	23.3	11.4	0.6	15.1	28.4	59	124.5	4	0.6	98	90	0.4	1.5	0.1	0	73	9.1	52	35.4	0	1.7	0
Bolivia (Plurinational State of)	10888	69.1	74	71.5	63	197	6.4	206	90	36.9	19	114	0.2	1879813	17.2	12.2	4.8	23.2	71	60	63.7	5.6	2	99	89	0.5	1	0.1	0.1	76	9.8	80	23.3	0.4	14.1	0
Bosnia and Herzegovina	3517	74.8	79.8	77.3	67.2	431	9.4	11	100	6	4.7	32	0.3	0	17.8	8.8	6.4	17.7	10.7	57	79.8	0.1	0.5	78	78	1.9	5.9	0.2	0.1	58	14.9	63	29.7	0.1	3.3	0.1
Botswana	2250	63.6	68.4	66.1	57.5	389	6	129	100	40.6	25.5	326	0.19	261950	20.3	9.3	8.4	23.6	37.5	60	101.3	11.8	1.1	95	74	0.4	2.7	0.1	0.2	42	8.8	64	20.9	0.1	11.4	0
Brazil	207653	71.4	78.9	75.1	66	780	8.9	44	99	15.1	7.8	42	0.07	10461013	16.6	6.5	7.8	23.4	60.8	77	29.9	1	0.2	86	72	1.9	7.4	1.2	0.7	96	7.7	95	11.8	0.1	31.3	0.3
Brunei Darussalam	423	75.3	77.6	76.4	67.9	812	2.6	23	100	9.9	4.4	66	0.34	9240	16.6	4.6	0.4	8	11.4	80	13.3	0.1	0.3	99	97	1.7	6.5	0.4	0.2	67	6.4	95	5.8	0	2	0
Bulgaria	7131	71.4	78.4	74.8	66.4	572	8.2	11	100	7.6	3.8	27	0.31	272	23.6	11.5	12.7	8.3	39.4	64	61.8	0.1	0.6	92	88	4	5.3	1	0.25	69	10.3	89	20.8	0.1	1.7	0.1
Burkina Faso	18646	59.6	60.9	60.3	52.9	33	5.4	371	80	84.6	25.6	51	4.29	12492287	21.7	7.7	8.2	30	122	39	206.2	49.6	3	91	50	0	0.6	0	0	45	7.2	9	36.3	0.1	9.8	0.2
Burundi	10524	58.5	61.8	60.1	52.6	24	8.2	712	85	71.7	24.2	118	2.59	5898120	22.9	9.1	7.5	31.3	58	43	179.9	65.4	5.2	94	72	1.5	3	0.3	0	25	11.8	5	35.6	0.2	6.6	1.5
Cabo Verde	540	71.1	75	73.2	64.5	146	4.8	42	91	21.4	10.2	137	0.71	145562	17.2	11.3	5.7	26.1	80	62	99.5	4.1	0.5	96	95	0.8	1.3	0	0	65	10.8	71	31.6	0	8.2	0
Cambodia	15762	67.3	71.2	69.4	60.8	70	6	161	89	30.6	16.2	345	0.56	4771389	21.1	5.3	6.7	17.4	57	55	149.8	6.5	0.6	90	58	0.1	1	0	0	81	6.1	18	24.9	0.3	2.2	0
Cameroon	23439	56.7	59.4	58.1	51.1	64	5.1	596	65	79.7	23.9	203	1.9	19389766	21.6	12.2	8.9	27.6	119	44	208.1	45.2	3.1	85	89	0.1	0.5	0	0	57	3.1	23	65.4	0.1	11.6	3.7
Canada	36290	80.9	84.7	82.8	73.2	4508	10.4	7	98	4.9	3.2	5.2	1.03	0	9.8	12.5	8.9	6	11.1	80	7	0.4	0.3	91	86	2.5	9.8	1.3	1	100	19.1	95	6.7	0.1	1.5	0.1
Central African Republic	4595	51.7	54.4	53	44.9	17	4.8	882	40	123.6	42.3	407	6.62	3756993	23.1	7.7	3.3	32.4	229	33	211.9	82.1	3.2	47	89	0	0.3	0	0	27	4.1	5	51.2	0	13.8	32.4
Chad	14453	53.1	55.4	54.3	47.2	36	4.6	856	20	127.3	35.1	153	3.08	6138675	23.9	8.8	1.5	24.1	179	29	280.1	101	3.6	46	89	0	0.3	0.3	0	44	6.3	5	50.8	0.1	9.6	3.8
Chile	17910	76.5	82.4	79.5	69.7	1102	8.1	22	100	8.3	5.4	16	0.28	44	12.4	10.6	9.3	12.4	44.7	70	25.3	0.2	0.2	95	87	1	0.1	0	0	84	19.6	92	23.1	0.1	4.4	0.1
China	1411415	75	77.9	76.4	68.7	426	5.3	27	100	9.9	5.1	64	0.83	26375574	17	9.7	7.2	18.8	9.2	76	112.7	0.6	1.4	99	99	1.8	2.3	0.3	0.3	100	10.1	59	51	0.1	0.9	0.1
Colombia	48653	71.5	78.8	75.1	67.1	374	6.2	64	96	15.3	8.5	32	0.21	3761361	15.8	7.2	5.8	16.8	71.6	76	37	0.8	0.4	91	87	1.8	1.1	1	0.25	88	12.2	92	17.2	0.3	43.1	0.5
Comoros	796	62.3	65.5	63.9	56.6	59	8	335	82	73.3	32.8	35	1.96	527919	22.9	6.8	0.9	28	70	47	172.4	50.7	2.4	91	89	1.5	3	0.3	0.25	37	3.8	9	18.6	0.1	7.9	0
Congo	5126	63	65.6	64.3	56.7	59	3.4	442	91	54.1	20.5	378	4.11	2278289	16.7	5.9	7.8	26.4	147	38	130.7	38.7	1.2	80	89	0.1	0.9	0.3	0	31	3.1	24	36.4	0.1	10.2	0.4
Cook Islands	17	70.3	76.4	73.4	64.9	461	2.7	54	100	7.8	4.1	13	0.22	0	18.8	7.9	10.6	24.2	44.35	65	68.6	1.3	0.6	99	90	1.2	5.8	0.9	0.4	43	5.1	84	21.1	0.1	5.2	0.1
Costa Rica	4857	77	82.2	79.6	70.9	929	8.1	25	90	8.8	5.7	9.5	0.17	23769	11.5	7.9	4.8	13.9	44.35	75	23.3	0.9	0.3	97	87	1.1	0.8	0.1	0.2	87	18.8	93	16.7	0.1	10.2	0
Cote dIvoire	23696	53.6	55.7	54.6	48.3	75	5.4	645	74	91.8	36.6	153	3.04	16756532	29.1	14.5	8.4	24.2	129	44	269.1	47.2	3.9	85	89	0.1	0.5	0	0	87	5	18	23.9	0.1	12.1	0.1
Croatia	4213	75	81.5	78.3	69	852	7.4	8	100	4.7	2.9	12	0.11	9	16.7	16.5	8.9	9.2	9.6	69	35.5	0.1	0.2	93	96	3.1	6.5	0.9	0.7	71	11.7	93	17.6	0.1	1	0.1
Cuba	11476	76.8	81.3	79	69.9	826	10.9	39	100	5.5	2.4	6.9	0.12	43687	16.4	13.9	6.1	7.5	50	78	49.5	1	0.3	99	99	7.5	8	1.8	0.3	99	9.5	79	21.6	0.3	5.5	0.1
Cyprus	1170	78.4	83.1	80.7	73.3	1563	6.8	7	97	2.6	1.4	5.6	0.6	0	11.3	5.3	10.8	5.2	4.9	73	20.1	0.3	0.1	97	88	2.5	4.1	0.7	0.2	96	7.1	95	17.1	0	1.4	0.1
Czechia	10611	76.2	82.1	79.2	69.3	1284	7.3	4	100	3.2	1.6	5	0.39	4	15	13.1	14.4	6.1	11.6	73	29.6	0.2	0.3	96	93	3.7	8.4	0.8	0.7	94	14.3	95	15.6	0.1	0.8	0.1
Democratic Peoples Republic of Korea	25369	68.2	75.5	71.9	64.6	366	6.3	82	100	20	10.7	513	0.53	5214937	25.6	11.2	3.9	20.8	0.7	68	207.2	1.4	1.9	96	98	3.5	4.2	0.2	0.4	67	9.5	11	31	0.3	4.4	0.1
Democratic Republic of the Congo	78736	58.9	62	60.5	52.5	20	4.3	693	80	94.3	28.8	323	1.43	49900757	19.4	5.7	2.6	33.2	138	40	163.9	59.8	3.2	79	89	0.1	1	0	0	65	5	5	37.4	0.1	13.3	2.2
Denmark	5712	79.3	83.2	81.2	71.8	5497	10.3	6	94	4.4	3.2	6.1	0.79	0	11.3	12.8	10.4	3.5	3.4	80	13.2	0.3	0.1	94	85	3.7	17	0.8	0.5	90	15.8	95	10.3	0.1	0.8	0.1
Djibouti	942	62.2	65.5	63.8	56.6	82	4.4	229	87	64.2	32.8	335	0.64	110561	19.6	6.7	0.5	24.7	20.6	47	159	31.3	2.4	84	82	0.2	0.6	0	0.2	33	4.1	12	41	0	6.8	2
Dominica	74	70.3	76.4	73.4	64.9	384	5.4	54	96	34	24	7.8	0.39	7473	18.8	7.9	8.2	15.3	44.35	65	68.6	1.3	0.6	99	92	1.5	3	0.3	0.25	62	10.6	91	18.8	0.1	5.2	0.1
Dominican Republic	10649	70.6	76.7	73.5	65.2	397	6.2	92	100	30.7	20.8	60	0.34	970832	19	9.9	6.9	29.3	45.3	74	43	2.2	0.4	87	89	1.5	1.3	0.2	0.25	55	9.5	90	13.3	0.1	16.8	0
Ecuador	16385	74.1	78.9	76.5	67.9	530	8.5	64	97	20.9	11.2	50	0.32	1942753	13	7.1	4.4	20.1	56.5	75	24.5	0.6	0.6	83	76	1.7	2.1	0.3	0.1	81	11	95	15.5	0.6	9.3	0.1
Egypt	95689	68.2	73	70.5	61.1	157	4.2	33	92	22.8	12.8	14	0.8	1673826	27.7	4	0.4	12.8	56	68	108.9	2	0.2	95	96	0.8	1.4	0.2	0.3	96	4.2	95	79.6	0	4.8	0.6
El Salvador	6345	69	78.1	73.7	65.5	283	6.9	54	100	15	7.5	60	0.57	742568	14	13.7	3.7	21.1	69.2	77	41.9	2	0.2	93	87	1.9	0.5	0.8	0.4	93	19.1	86	23.8	0	46	0
Equatorial Guinea	1221	57.9	61.7	59.5	53.8	280	2.7	342	68	90.9	32	181	8.66	428948	22	16.4	11.3	22.9	176	45	177.7	22.3	1.9	19	89	1.5	3	0.3	0.25	27	1.3	34	49.1	0	3.4	0
Eritrea	4955	62.9	67.1	65	57.4	31	3.3	501	34	44.5	17.7	74	0.74	1497725	23.9	7.9	1.3	24.1	76	38	173.7	45.6	4.2	95	85	1.5	3	0.3	0.25	49	1.8	16	41.1	0	7.8	0
Estonia	1312	73	82.1	77.8	68.2	1112	6.5	9	99	2.9	1.3	16	0.36	0	17	17.8	11.6	7	12.5	76	25	0.1	0.5	93	92	3.4	6.4	0.9	0.7	70	12.2	93	7	0.1	3.7	0.1
Ethiopia	102403	63.7	67.3	65.5	57.5	24	4	353	28	58.4	27.6	177	2.61	74204513	18.3	7.2	2.8	25.3	80	39	144.4	43.7	2.9	77	89	0	0.3	0.3	0	79	6	5	34	0	7.8	0.2
Fiji	899	67.1	73.1	69.9	61.3	175	3.6	30	100	22	8.8	59	0.34	905113	30.6	5	3	5.8	44.35	66	99	2.9	0.4	99	94	0.8	2.9	0.3	0.1	98	7.2	40	10.5	0.4	2.5	0
Finland	5503	78.7	84.2	81.4	71.7	4005	9.4	3	100	2.3	1.2	4.7	1.05	4	10.2	15.9	10.7	4.8	6.2	79	7.2	0.1	0.2	92	85	3.2	15	0.7	1.1	96	12.8	95	6.5	0.1	1.3	0.1
France	64721	80.1	85.7	82.9	73.4	4026	11.1	8	97	3.9	2.4	7.7	0.01	49	10.6	17.7	12.6	5.1	9.2	80	9.7	0.3	0.5	97	79	3.2	10.6	0.7	1.1	89	15.3	95	12.4	0.1	0.9	0.1
Gabon	1980	64.8	68.2	66.4	58.7	198	2.7	291	89	47.4	21.8	485	4.16	694499	14.4	7.1	11.5	22.9	91	52	76	20.6	0.9	75	89	0.4	2.9	0	0.1	52	7	79	37.8	0	8.8	0
Gambia	2039	60.6	63.3	61.9	54.4	32	6.7	706	57	65.3	27.5	174	1.17	177144	20.4	5.1	3.8	29.4	88	46	237	29.7	1.9	95	79	0.1	1.6	0	0.1	27	10.6	5	32.3	0.1	9.3	0
Georgia	3925	68.3	76.8	72.6	64.9	281	7.9	36	100	10.7	7.1	92	0.26	412310	24.9	8.2	9.8	11.8	47.9	66	101.8	0.2	0.8	92	85	4.8	4	0.5	0.1	74	10.5	78	24	0.1	4.6	0.1
Germany	81915	78.7	83.3	81	71.6	4592	11.2	6	99	3.8	2.3	8.1	0.24	111	12.1	13.6	13.4	4.3	7.8	79	16	0.6	0.2	95	93	4.2	13.8	0.9	0.7	97	21.4	95	11.9	0.1	0.7	0.1
Ghana	28207	62.5	64.4	63.4	56.4	80	5.9	319	71	58.8	26.9	156	3.61	15536910	20.8	5.4	2.7	26.2	59	45	203.8	18.8	1.7	93	75	0.1	0.9	0	0.1	74	7.1	22	31.1	0.2	9.7	0
Greece	11184	78.7	83.7	81.2	72	1505	8.4	3	97	3.8	2.3	4.4	0.37	77	12.4	5	10.4	9.1	8	70	27.6	0.1	0.2	99	83	6.3	3.4	1.2	1.1	76	9.1	94	16.4	0.2	1.1	0.1
Grenada	107	71	75.9	73.4	64.7	460	5	27	99	16	8.3	6.4	0.47	151	21.4	1.7	9.3	5.7	44.35	72	45.3	0.3	0.4	96	85	1.5	3	0.3	0.8	66	7.4	95	21.8	0.2	6.3	0
Guatemala	16582	70.4	76	73.2	64.2	224	5.7	88	66	28.5	14	24	0.05	3265661	14.9	2.7	2.4	19	92	57	73.8	6.3	1.1	80	65	0.9	0.9	0.2	0.25	55	14.9	45	24.2	0.2	25.8	0.1
Guinea	12396	59.4	60.2	59.8	52.2	25	4.5	679	72	89	25.1	176	7.47	7246135	22.4	6.3	1.3	27.3	146	35	243.3	44.6	3	57	89	0.1	0.4	0.3	0	59	2.7	5	22.2	0	8.9	0.2
Guinea-Bissau	1816	58.4	61.2	59.8	51.7	39	6.9	549	45	88.1	38.2	374	2.12	1576882	20	4	4.8	27.5	106	39	214.7	35.3	2.2	87	89	0.1	0.7	0	0	53	9.5	5	26.5	0	9.2	0.1
Guyana	773	63.6	69	66.2	58.3	184	4.5	229	86	32.4	20	93	0.95	720459	30.5	29.2	6.3	17.3	74	68	107.8	3.6	0.7	97	94	0.2	0.5	0.1	0.1	89	7.8	74	21.6	0.1	18.8	0.2
Haiti	10847	61.3	65.7	63.5	55.3	54	6.9	359	42	67	24.6	188	2.04	7581135	26.5	11.7	5.8	15.1	49	47	184.3	23.8	2.6	58	26	1.5	3	0.3	0.25	61	3.3	5	14.7	1.3	28	0
Honduras	9113	72.9	77.5	75.2	66.8	177	7.6	129	83	18.7	10.4	40	0.25	2752416	14	2.9	4	17.4	101	64	60.7	3.6	0.4	97	89	1.5	3	0.3	0.25	70	11.3	53	21.5	0.1	55.5	0.1
Hungary	9753	72.3	79.4	76	66.8	894	7.2	17	99	5.2	2.8	8.8	0.44	5	23	19.1	11.4	7.7	22.8	70	38.8	0.2	0.3	99	99	3.1	6.6	0.6	0.7	82	9.7	95	16.3	0.1	1.3	0.1
Iceland	332	80.9	83.9	82.4	73	4375	8.6	3	98	2.1	1	2.1	0.88	0	9.1	14	9.1	4.6	8	80	8.7	0.1	0.2	91	95	3.8	15.2	0.8	1.1	72	16.4	95	5.9	0	1.2	0.1
India	1324171	67.4	70.3	68.8	59.3	63	3.9	174	86	43	25.4	211	0.51	458855231	23.3	16.3	5.7	16.6	28.1	56	184.3	18.6	2.4	88	76	0.8	2.1	0.1	0.6	95	3.4	41	68	0.2	4.1	0.1
Indonesia	261115	67.3	71.4	69.3	61.7	112	3.3	126	93	26.4	13.7	391	1.07	101813236	26.4	3.4	0.8	15.3	40.1	49	112.4	7.1	0.4	79	56	0.2	1.3	0	0.1	99	7.4	58	16.4	0.1	4.5	0.1
Iran (Islamic Republic of)	80277	74.6	76.9	75.7	65.4	366	7.6	25	99	15.1	9.6	14	0.02	0	14.8	4.1	1	32.1	23	65	50.9	1	1.2	99	98	1.5	1.6	0.4	0.2	76	22.6	95	34.4	0.1	4.5	0.1
Iraq	37203	67.5	72.2	69.8	59	154	3.4	50	70	31.2	18.2	43	0.06	2170486	21.3	3	0.4	20.2	82	63	75.1	3	0.5	63	64	0.9	1.8	0.2	0.2	89	1.7	95	60.1	0.1	15.5	86.3
Ireland	4726	79.7	83.4	81.5	72.1	4757	7.8	8	100	3.6	2.2	7.1	0.01	2	10.3	11.5	13	4.1	8.6	78	11.9	0.1	0.2	95	89	3	12.4	0.6	1.1	78	18.4	95	8.7	0.1	0.8	0
Israel	8192	80.3	84.2	82.3	72.9	2756	7.4	5	97	3.6	2	3.5	0.48	233	9.6	5.4	3.8	3.6	9.7	80	15.4	0.2	0.1	94	97	3.6	5.1	0.8	0.8	71	9.5	95	19.4	0.1	1.8	0.3
Italy	59430	80.5	84.9	82.8	73.2	2700	9	4	100	3.3	2	6.1	0.61	12	9.5	8.2	7.5	6.1	5.1	80	15	0.1	0.3	93	83	4	5.7	0.8	1.1	90	13.4	95	15.7	0.2	0.8	0.1
Jamaica	2881	73.6	78.5	76	66.9	294	5.9	89	99	15.3	10.9	4.5	0.16	347536	14.7	2.2	4.2	11.5	45.7	60	25.4	0.6	0.2	99	85	0.5	1.7	0.1	0.1	83	12.6	90	13.6	0	39.1	0
Japan	127749	81.1	87.1	84.2	74.8	3733	10.9	5	100	2.7	0.9	16	1.95	5	8.4	18.5	8	4.7	4.1	80	11.9	0.2	0.4	99	93	2.4	11.2	0.8	1.7	100	9.5	95	11.8	0.1	0.3	0.1
Jordan	9456	72.7	76	74.3	66.4	257	6.3	58	100	17.6	10.6	5.6	1.01	126	19.2	2.9	0.7	26.3	26	70	51.2	0.6	0.6	98	99	3.4	3.1	0.9	1.6	72	12.4	95	31.7	0	2.9	0.1
Kazakhstan	17988	66.8	75.3	71.1	63.4	379	3.9	12	99	11.4	5.9	67	0.21	185	26.8	22.5	7.7	24.2	36	71	62.7	0.4	2.3	82	99	3.3	8.5	0.4	0.8	78	10.9	95	14.5	0.1	8.1	0.1
Kenya	48462	64.4	68.9	66.7	58.9	70	5.2	510	62	49.2	22.6	348	0.86	11770703	13.4	3.2	3.4	29.1	96	57	78.1	51.2	1.8	89	32	0.2	1.6	0	0.1	58	6.3	13	25.8	0.1	5.3	0.7
Kiribati	114	63.6	68.6	66.1	57.8	108	7.6	90	98	54.3	22.6	566	3.65	117424	28.4	14.4	0.4	2.9	49.9	40	140.2	16.7	2.6	81	79	0.2	4.6	0.2	0.1	60	6.3	6	10.9	0	9.1	0
Kuwait	4053	73.9	76	74.8	66.3	1169	4	4	100	8.4	4.4	24	0.11	6	17.4	2.3	0	18.7	6.1	77	103.8	0.1	0.2	99	96	2.6	7	0.7	0.5	85	6.2	95	58.9	0.1	2.7	0.2
Kyrgyzstan	5956	67.7	75.2	71.4	63.5	92	8.2	76	98	21.1	11.6	145	0.5	113625	24.9	8.3	6.2	22	44.35	66	110.7	0.8	0.6	96	98	1.9	6.4	0.2	0	50	9.9	81	17.4	0.3	5.8	0.1
Lao Peoples Democratic Republic	6758	64.2	67.4	65.8	57.9	53	2.8	197	40	63.9	28.7	175	1.94	2206011	27	8.6	10.4	14.3	75.6	48	188.5	11.3	0.9	82	89	0.5	1	0.1	0.2	75	3.8	6	25.5	0.1	7	0.1
Latvia	1971	70	79.6	75	66.2	784	5.8	18	100	4.6	2.4	37	0.51	11	21.9	21.2	12.9	10	18	64	41.3	0.1	0.8	98	89	3.2	4.9	0.7	0.8	90	8.9	95	14.4	0.1	6	0
Lebanon	6007	75.1	77.7	76.3	66.1	645	7.4	15	97	8.1	4.7	12	0.21	1	17.9	3.3	1.5	22.6	44.35	68	51.4	0.8	0.3	81	75	2.4	2.6	1	1.4	80	14.3	85	30.7	0	4.5	3.3
Lesotho	2204	51	54.6	52.9	46.6	91	8.4	487	78	93.5	38.5	724	1.64	530557	26.6	21.2	5	28.2	94	45	177.6	44.4	3.1	93	82	1.5	3	0.3	0.25	62	9.3	36	28.1	0	35	0.1
Liberia	4614	62	63.9	62.9	54.5	69	15.2	725	61	67.4	22.8	308	7.75	2919973	17.6	6.8	5.8	33.7	104.8	34	170.2	41.5	1.8	79	89	0	0.5	0	0	76	2.7	5	17	0	10	0
Libya	6293	69	75	71.9	62.3	366	6.3	9	100	12.9	7.1	40	0.27	1	20.1	5.2	0	23.8	10.9	63	71.9	0.6	0.6	97	96	2.1	6.9	0.7	0.6	64	9.5	85	41.7	0.1	2.5	28.7
Lithuania	2908	69.7	80.2	75	66.1	923	6.5	10	100	5.3	2.5	53	0.19	26	20.7	31.9	15	10.6	14.1	67	34	0.1	0.7	94	92	4.4	8.1	0.9	0.25	77	12.2	95	12.3	0.4	5.9	0
Luxembourg	576	80.1	84.6	82.4	72.6	6236	6	10	100	2.4	1.5	5.8	0.24	0	10	13.5	13	8.7	5.6	80	11.6	0.1	0.1	99	86	2.9	12.3	1	0.7	88	12.1	95	10.4	0	0.2	0
Madagascar	24895	64.6	67.6	66.1	58.3	21	5.2	353	44	46.4	18.6	237	4.36	18863123	22.9	3.9	1.9	28.4	152	30	159.6	30.2	3.3	77	89	0.1	0.2	0	0	43	15.6	5	22.5	0.2	6.9	0.1
Malawi	18092	61.4	66.8	64.2	56.2	34	9.3	634	90	55.1	23.1	159	3.03	11435030	16.4	3.7	3.7	35	136	44	115	28.3	2	84	61	0	0.3	0	0	56	10.8	5	21.9	0.2	1.5	0
Malaysia	31187	73.2	77.6	75.3	66.6	386	4	40	99	8.3	4.4	92	0.17	120318	17.2	5.5	0.9	24	11.5	70	47.4	0.4	0.5	98	99	1.5	4.1	0.5	0.5	100	8.3	95	17.3	0.1	4.1	0.1
Maldives	428	77.2	79.9	78.4	69.8	944	11.5	68	96	8.5	4.8	49	0.19	1937	13.4	2.3	2.7	3.5	12.9	55	25.6	0.3	0	99	99	3.6	8.2	0.2	1.1	63	22.8	94	7.7	0	3.4	0.9
Mali	17995	57.5	58.4	58	50.7	42	5.8	587	44	110.6	35.7	56	4.88	18605778	24.6	4.8	1.3	25.6	174	32	209.1	70.7	3.3	68	89	0.1	0.4	0	0	40	4.5	5	29	0.1	11.3	3.9
Malta	429	79.6	83.3	81.5	72.2	2304	9.6	9	100	6.8	4.6	13	0.39	1	10.8	7.5	8.1	5.1	11.4	79	20.2	0.1	0.1	97	86	3.9	9.1	0.5	1.3	79	14.2	95	14	0.1	0.9	0
Marshall Islands	53	70.3	76.4	73.4	64.9	747	22.1	54	90	35.4	16.4	422	1.56	19594	18.8	7.9	6.3	5.7	44.35	65	68.6	1.3	0.6	71	49	0.5	3.6	0.5	0.1	57	21.2	65	21.1	0.1	5.2	0.1
Mauritania	4301	62.6	65.2	63.9	56.4	54	4.6	602	69	81.4	33.7	102	4.29	589697	18.1	4.4	0	24.5	77	33	169.5	38.6	1.9	73	89	0.1	0.7	0	0	32	5.5	47	41.7	0.1	11	0
Mauritius	1262	71.6	78.1	74.8	65.8	506	5.5	53	100	13.7	8.4	22	0.61	0	22.6	7.8	3.6	12.2	24.1	64	38.3	0.6	0.1	96	92	2	3.3	0.3	0.4	71	9.9	93	13.5	0.2	1.6	0
Mexico	127540	74	79.2	76.6	67.7	535	5.9	38	98	14.6	7.8	22	0.04	9532039	15.7	5.1	6.5	12.3	66.2	76	36.7	1.1	0.4	97	98	2.2	2.6	0.1	0.25	94	11.3	85	20.9	0.1	16.9	2.1
Micronesia (Federated States of)	105	68.4	70.8	69.6	61.1	395	13.1	100	100	33.3	17.2	177	0.89	70736	26.1	11.1	2.5	1.9	44.35	60	151.8	3.6	1	69	74	0.2	3.6	0.4	0.2	86	6.1	12	10.5	1.3	4.8	0
Monaco	38	70.3	76.4	73.4	64.9	3316	2	54	97	3.4	1.8	0	0.2	0	18.8	7.9	6.3	0	44.35	65	68.6	1.3	0.6	99	89	6.6	20.5	1	2.6	81	8.1	95	12.2	0.1	5.2	0.1
Mongolia	3027	65.7	74.2	69.8	61.9	152	3.9	44	99	17.9	9.7	183	1.72	0	30.2	13	7.4	21	26.7	63	155.9	1.3	1.6	99	90	3.3	4.1	0.2	0.5	87	6	43	49.5	0	8.9	0
Montenegro	629	74.4	79.2	76.8	68.1	382	6	7	99	3.8	2.4	16	0.65	6	20.6	10.3	8	11.9	11.1	54	78.6	0.1	0.5	89	86	2.3	5.7	0	0.2	56	8.8	69	19.3	0	2.6	0
Morocco	35277	74.8	77	76	65.3	160	5.5	121	74	27.1	17.8	103	0.45	25	12.4	2.9	0.6	20.8	32	65	49.1	1.9	0.6	99	99	0.6	0.9	0.1	0.3	95	7.7	95	31.1	0.1	1.4	0
Mozambique	28829	57.7	62.3	60.1	52.2	28	5.4	489	54	71.3	27.1	551	3.67	23920538	18.4	4.9	2.4	31.6	167	42	110	27.6	2.9	80	51	0.1	0.4	0	0.1	69	1.2	5	18.4	0.2	2.5	0.1
Myanmar	52885	64.6	68.9	66.8	58.4	59	4.9	178	60	50.8	24.5	361	2.03	39343021	24.2	7.8	4.8	20.3	36	60	156.4	12.6	1.4	90	86	0.6	0.9	0.1	0.25	62	4.9	18	34.6	0.1	4.1	1.9
Namibia	2480	61.1	66.1	63.7	55.9	423	8.9	265	88	45.2	17.8	446	0.66	1097233	21.3	8.7	9.8	23.9	82	59	145	18.3	1.5	92	89	0.4	2.8	0	0.2	79	12.9	42	21	0	18.3	0
Nauru	11	70.3	76.4	73.4	64.9	812	4.8	54	97	34.6	22.2	112	2.11	2844	18.8	7.9	6	16.6	44.35	65	68.6	1.3	0.6	91	96	1.4	7	0.6	1	42	5.2	91	12.5	0.1	5.2	0.1
Nepal	28983	68.8	71.6	70.2	61.3	44	6.1	258	58	34.5	21.1	154	0.31	17552881	21.8	8.8	2	17	88	46	193.8	19.8	0.4	87	25	0.6	2	0.3	0.2	22	5.5	28	99.5	7	3.3	0.1
Netherlands	16987	80	83.2	81.6	72.1	4746	10.7	7	97	3.8	2.5	5.9	0.04	38	11.2	12.6	8.7	3.4	3.2	80	13.7	0.2	0.1	95	91	3.5	10.5	0.5	0.2	95	19	95	12.1	0.1	0.7	0.2
New Zealand	4661	80.5	84	82.2	72.8	3554	9.3	11	96	5.4	3	7.3	1.2	0	10.1	12.1	10.7	6	16	80	7.2	0.1	0.2	92	89	3.1	11.1	0.4	0.7	98	9.5	95	5.8	0.1	1.1	0.1
Nicaragua	6150	72.5	78.4	75.5	66.9	163	7.8	150	88	19.7	8.8	48	0.14	926646	14.2	12.2	5.2	15.3	92	70	55.7	2.2	0.6	98	89	0.9	1.4	0	0.25	91	17.4	52	19	0.1	13.9	0.1
Niger	20673	59	60.8	59.8	52.5	26	7.2	553	40	91.3	25.7	93	6.01	15233885	20	4.6	0.5	26.4	146	33	251.8	70.8	4.2	67	37	0	0.1	0	0	74	4.6	5	73	0.2	10.4	1.2
Nigeria	185990	54.7	55.7	55.2	48.9	97	3.6	814	43	104.3	34.1	219	2.61	128936746	22.5	9.5	13.4	20.5	145	39	307.4	68.6	3	49	89	0.4	1.5	0	0.1	51	5.3	5	46.3	0.1	9.8	4.1
Niue	2	70.3	76.4	73.4	64.9	867	6.3	54	100	22.2	11.6	20	0.24	1	18.8	7.9	7	16.6	44.35	65	68.6	1.3	0.6	99	99	1.8	9.8	2.5	0.6	61	2.2	93	21.1	0.1	5.2	0.1
Norway	5255	80.6	84.3	82.5	73	7464	10	5	99	2.6	1.5	6.1	0.01	3	9.2	12.2	7.5	3.8	4.6	80	8.6	0.2	0.2	96	91	4.4	17.8	0.9	0.7	99	17.5	95	7.8	0.1	0.6	0.1
Oman	4425	75.3	79.5	77	65.6	636	3.8	17	100	10.7	5.2	9	0.44	0	17.8	3.9	0.8	25.4	13.5	72	53.9	0.1	0.4	99	99	1.9	4.2	0.2	0.9	90	6.7	95	36.2	0	5.2	0
Pakistan	193203	65.7	67.4	66.5	57.7	38	2.7	178	55	78.8	45.6	268	2.75	31683212	24.7	2.9	0.3	14.2	44	40	173.6	19.6	2.3	72	53	1	0.5	0.1	0.25	51	3.7	43	56.2	0.3	9.6	6.9
Palau	22	70.3	76.4	73.4	64.9	1420	10.6	54	100	15.9	8.4	123	0.21	41	18.8	7.9	6.3	4.8	44.35	65	68.6	1.3	0.6	98	95	1.2	5.3	0.2	0	91	13.1	87	12.4	0.1	5.2	0.1
Panama	4034	75	81.2	78	69.4	921	7	94	95	16.4	9.6	55	0.22	453129	13	4.3	7.9	10	84.3	75	25.8	1.9	0.4	73	92	1.6	2.3	0.3	0.25	76	11.3	89	12	0.3	20.5	0
Papua New Guinea	8085	63.6	68.3	65.9	58	77	3.8	215	40	54.3	23.5	432	2.24	6528722	30	6	1.2	16.8	44.35	41	152	16.3	1.7	72	89	0.1	0.5	0	0	64	8.7	13	11.5	0.2	10.2	0.1
Paraguay	6725	72.4	76.1	74.2	65.3	321	7.8	132	96	19.9	11.1	42	0.65	790833	17.5	9.5	7.2	20.7	62.8	69	57.5	1.5	0.3	93	92	1.3	1	0.2	0.25	77	10.8	66	11.7	0.1	8.6	0.1
Peru	31774	73.4	78.3	75.9	67.5	323	5.3	68	92	15.3	7.5	117	0.24	2814779	12.6	4.9	6.3	13.9	49.4	78	63.9	1.3	0.9	89	66	1.1	1.5	0.1	0.1	66	14.4	75	29	0.1	11.6	0.1
Philippines	103320	66.2	72.6	69.3	61.7	127	4.4	114	73	27.1	12.6	554	1.07	49110117	26.8	3.2	6.6	10.5	57	58	185.2	4.2	0.2	86	66	1.5	0.2	0	0.9	81	7.4	43	18.7	2.1	14.8	1.6
Poland	38224	73.8	81.6	77.8	68.5	797	6.3	3	100	4.7	2.8	18	0.04	64	18.7	16.2	11.6	10.3	12.3	75	37.9	0.1	0.2	98	94	2.3	5.7	0.3	0.7	74	10.7	95	21.5	0.1	0.9	0.1
Portugal	10372	78.3	84.5	81.5	72	1722	9	10	99	3.5	2.1	20	0.1	6	11.1	14	12.3	7.8	8.2	80	9.8	0.2	0.3	98	95	4.4	6.4	0.9	0.9	91	12.3	95	8.1	0.1	1.2	0
Qatar	2570	77.3	79.9	78.1	68.6	2030	3.1	13	100	8.5	4.1	23	0.2	36	15.3	6.6	2	15.2	10.5	77	47.4	0.1	0.4	98	92	2	5.7	0.6	0.9	76	6.3	95	91.7	0	7.4	0
Republic of Korea	50792	79.5	85.6	82.7	73	2013	7.4	11	100	3.4	1.5	77	0.69	323	7.8	26.9	10.2	12	1.3	80	20.5	1.8	0.5	98	97	2.3	6.9	0.5	0.7	98	12.9	95	24.7	0.1	1.3	0.5
Republic of Moldova	4060	67.6	75.3	71.5	63.6	186	10.2	23	100	15.9	11.9	101	0.65	0	24.9	15.9	15.2	12.5	26.7	65	78.3	0.1	1.2	89	95	3.2	4.5	0.4	0.5	81	12.2	92	16.5	0.1	5.3	0
Romania	19778	71.6	79	75.2	66.6	442	5	31	95	9	4.3	74	0.65	13	21.4	10.4	12.6	8.7	35.3	72	59.3	0.4	0.4	89	76	2.7	6.4	0.7	0.8	76	10.8	86	15.4	0.1	1.6	0.1
Russian Federation	143965	66.4	77.2	71.9	63.5	524	5.6	25	100	7.7	3.4	66	0.88	0	25.4	31	11.7	18.9	24	63	49.4	0.1	1.7	97	97	4	8.7	0.3	0.25	99	9.6	95	14.7	0.1	11.3	0.3
Rwanda	11918	66.1	69.9	68	59.9	57	7.9	290	91	38.5	16.5	50	1.74	5190529	18.2	6.7	9	32.1	45	53	121.4	19.3	2.4	98	90	0.1	0.8	0	0	66	6.2	5	40.7	0.1	5.5	0.3
Saint Kitts and Nevis	55	70.3	76.4	73.4	64.9	907	5.6	54	100	9.3	5.9	0	0.38	136	18.8	7.9	9.4	16.6	44.35	65	68.6	1.3	0.6	97	97	1.5	3	0.3	0.25	52	6.5	95	12.3	0.1	5.2	0.1
Saint Lucia	178	73	78.3	75.6	66.4	482	6	48	99	13.3	9.2	1.9	0.39	26921	18.8	7.8	9.9	18.1	44.35	69	30	0.6	0.2	95	88	0.1	3	0.2	0.25	77	8.5	95	21.2	0.7	15.6	0
Saint Vincent and the Grenadines	110	69.4	74.9	72	63.4	284	4.2	45	99	16.6	10.3	6.3	0.42	89	23.2	2.4	8.2	8.2	63.7	65	47.6	1.3	0.2	98	99	1.5	3	0.3	0.25	65	10	95	21.4	2.2	13.8	0.1
Samoa	195	72	78.4	75.1	66	223	5.6	51	82	17.3	9.2	7.7	1.05	61325	20.6	4.4	2.5	15.8	39.2	56	85	1.5	0.5	62	44	0.3	1.5	0.2	0.3	75	11.5	32	10.9	1.2	3.2	0
San Marino	33	70.3	76.4	73.4	64.9	3243	6.8	54	97	2.8	0.6	0	0.32	0	18.8	7.9	6.3	3.2	44.35	65	68.6	1.3	0.6	66	36	6.4	9.1	0.7	0.7	61	14.3	95	13.4	0.1	5.2	0.1
Sao Tome and Principe	200	66.7	70.7	68.7	60.7	160	9.8	156	92	33.8	15	99	1.36	200169	18.5	2.3	6.8	31.1	92	54	162.4	11.4	0.9	96	76	1.5	3	0.3	0.25	16	10.7	17	25.2	0	7	0
Saudi Arabia	32276	73.5	76.5	74.8	65.7	1194	5.8	12	98	12.9	6.9	10	0.3	0	16.4	3.2	0.2	27.4	44.35	68	83.7	0.1	0.7	98	96	2.6	5.2	0.4	0.7	99	10.1	95	86.7	0.1	6.2	0.2
Senegal	15412	64.7	68.7	66.8	58.8	36	4	315	59	47.1	20.6	140	3.48	11635621	18.1	6	0.7	27.2	80	41	160.7	23.9	2.3	93	75	0.1	0.3	0	0	44	4.2	32	39.7	0.1	7.8	0.1
Serbia	8820	73.8	78.9	76.3	67.4	491	9.4	17	100	5.8	3.7	19	0.11	0	19.1	15.6	11.1	7.7	16.4	65	62.5	0.7	0.3	92	90	2.5	4.7	0.3	0.5	44	12.3	76	24.7	0.1	1.6	0.1
Seychelles	94	69	78	73.3	65.7	492	3.4	54	99	14.3	9	15	0.15	0	21.2	9.3	12	8.6	65.8	68	49.3	0.2	0.6	96	99	1	4.4	0.1	0	87	10	90	18.6	0	9.9	0
Sierra Leone	7396	52.5	53.8	53.1	47.6	107	18.3	1360	60	113.5	33.2	304	8.18	7651657	30.5	9.7	5.7	27.3	125	36	324.1	81.3	4.1	84	50	0	0.3	0	0	70	7.9	5	20.6	0	13.1	0
Singapore	5622	80.8	85	82.9	76.2	2280	4.3	10	100	2.8	1.1	51	0.47	13098	9.3	9.9	2	3.6	2.7	80	25.9	0.1	0.1	97	88	2.3	7.1	0.4	0.5	99	12	95	18.3	0	0.2	0.1
Slovakia	5444	73.8	80.9	77.4	68.3	1108	6.9	6	98	5.9	3	5.9	0.56	4	17.2	12.8	11.5	6.6	24.3	76	33.5	0.1	0.4	96	97	3.4	6	0.5	1.1	95	12	95	18	0.1	1.3	0
Slovenia	2078	78	83.7	80.9	70.5	1772	8.5	9	100	2.3	1.3	6.5	1.04	3	12.7	18.6	12.6	6.4	4.5	78	22.6	0.1	0.3	94	93	2.8	8.8	0.7	0.6	77	12.7	95	16.4	0.1	0.7	0.1
Solomon Islands	599	69.7	72.7	71.1	61.9	152	8	114	86	25.8	10.4	84	2.93	518106	23.8	4.7	1.4	19.2	42	50	137	6.2	0.9	99	89	0.2	1.8	0.1	0.1	57	10.6	8	11.5	2	4.3	0
Somalia	14318	53.7	57.3	55.4	50	366	6.3	732	97	132.5	38.8	270	10.54	5163752	21.8	4.7	0	25.4	44.35	22	212.8	86.6	4.6	42	89	0	0.1	0.3	0.25	29	9.5	5	28	0.3	5.6	28.2
South Africa	56015	60.2	67	63.6	55.7	471	8.2	138	97	43.3	12.4	781	1.74	6784419	26.2	11.6	9.3	25.1	71	67	86.7	13.7	1.2	66	70	0.8	5.2	0.2	0.7	91	14.1	85	24.3	0.1	33.1	0.1
South Sudan	12231	57.7	59.6	58.6	50.6	28	2.5	789	19	90.7	37.9	146	21.13	9991337	19.8	3.7	6.3	27.9	158.1	30	165.1	63.3	4	26	89	1.5	3	0.3	0.25	34	1.6	5	40.9	0.3	5.1	19.4
Spain	46348	80.3	85.7	83.1	73.8	2354	9.2	5	97	3.3	2	10	0.19	87	9.9	8.7	10	3.7	7.7	77	9.9	0.2	0.2	97	95	3.9	5.3	0.7	1.2	95	14.9	95	9.8	0.1	0.7	0.1
Sri Lanka	20798	72.1	78.5	75.3	66.8	118	3	30	99	9.4	5.3	65	0.64	55720	17.4	14.6	4.3	17.4	20.3	62	79.8	1.2	0.4	99	99	0.9	2.8	0.1	0.1	76	7.9	26	15.1	0.3	3	0.1
Sudan	39579	63.4	66.9	65.1	55.7	152	6.3	311	78	65.1	29.4	82	2.86	25572281	26	8.1	0.5	24.3	87	43	184.9	17.3	3.9	93	69	0.3	1.2	0	0	67	18.1	41	46.8	0.1	6.2	8.3
Suriname	558	68.7	75.1	71.8	63.2	577	6.5	155	80	20	10.6	26	0.36	58237	21.7	22.8	5.1	19.1	57.7	68	56.7	2	0.4	91	44	1.5	3	0.3	0.25	72	10.5	90	25.8	0	10	0
Swaziland	1343	55.1	59.9	57.7	50.2	233	7	389	88	70.4	21.4	398	0.85	198319	26.7	13.3	9.9	24.2	87	58	137	27.9	3.3	90	89	0.1	1.4	0	0	75	14.9	50	16.2	0.2	20	0
Sweden	9838	80.6	84.1	82.4	72.4	5600	11	4	97	2.9	1.6	8.2	0.32	27	9.1	14.8	9.2	2.8	4.4	80	7.2	0.2	0.4	98	95	4.2	11.9	0.8	0.8	93	18.4	95	6.1	0.1	1	0.1
Switzerland	8402	81.2	85.2	83.3	73.5	9818	12.1	5	97	4.1	2.9	7.8	0.17	0	8.6	17.2	11.5	3.3	2.6	80	10.1	0.1	0.1	97	89	4.2	18.2	0.5	0.5	91	25.2	95	10.4	0.2	0.5	0.1
Syrian Arab Republic	18430	59.4	68.9	63.8	55.8	366	6.3	68	96	17.5	8.9	21	0.37	47402	21.8	1.9	0.3	20	54	60	75.2	3.7	0.4	42	52	1.5	2.3	0.9	1.5	64	9.5	95	37.4	0	2.5	430.8
Tajikistan	8735	68.7	73	70.8	63.5	63	6.9	32	90	43.1	19.9	85	0.71	125863	25.3	2.5	3.3	18.8	54	65	129.3	2.7	1.2	96	97	1.7	5.3	0.2	0.25	89	6.1	80	42.8	0.1	1.3	0.1
Thailand	68864	71.8	79.3	75.5	66.8	217	3.8	20	99	12.2	7.3	172	0.17	64094	14.5	14.4	8.3	36.2	51	75	61.5	3.5	0.4	99	95	0.5	2.3	0.3	0.2	97	16.6	74	26.6	0.1	5	0.4
The former Yugoslav Republic of Macedonia	2081	73.8	78	75.9	67.1	295	6.1	8	100	12.2	8.3	16	0.2	5	20.3	7.9	8.1	9.4	20.1	70	82.2	0.1	0.4	95	93	2.9	3.8	0.9	0.5	90	12.1	66	33	0.1	1.5	0.1
Timor-Leste	1269	66.8	70.4	68.6	59.2	72	3.1	215	57	49.7	21.6	498	0.87	1167125	19.9	4.6	2.1	16.6	44.35	47	139.8	9.9	0.4	85	22	0.1	1.3	0	0.1	72	4.2	7	18.2	0	5.1	0
Togo	7606	59.7	61.5	60.6	53.9	37	6.6	368	45	75.7	26	46	3.36	6328077	23.6	9.6	3.1	31.1	85	42	249.6	41.6	2.4	89	89	0.1	0.3	0	0	64	5.7	7	31.2	0	9.3	0
Tonga	107	70.5	76.4	73.4	64.3	221	5.9	124	96	16.4	6.8	8.6	2.35	37131	23.3	3.5	1.5	7.6	30	62	73.3	1.4	1.3	78	85	0.6	3.9	0.4	0.3	74	8.4	59	10.2	0	4.6	0
Trinidad and Tobago	1365	68.2	75.6	71.8	63.3	1146	6	63	100	18.5	12.6	18	0.43	19498	21.3	13.6	8.4	14.1	38	75	38.6	0.1	0.2	97	65	1.8	3.3	0.3	0.5	72	8.5	95	22.4	0	42.2	0
Tunisia	11403	74.1	78.1	76	66.3	258	6.7	62	74	13.6	8.1	38	0.76	6082	16.1	3.4	1.9	24.4	3	65	56.1	1	0.5	98	97	1.3	2.6	0.3	0.3	57	13.6	95	35.7	0	1.7	0.4
Turkey	79512	73.3	79.4	76.4	66	455	4.1	16	97	12.7	6.5	18	0.32	1497	16.1	7.3	2	8.9	26.9	71	46.6	0.3	0.3	98	85	1.7	2.6	0.3	0.3	88	10.1	85	41.2	0.1	2.7	1.1
Turkmenistan	5663	64.7	71.7	68.2	61.4	405	6.3	42	100	51	22.3	60	0.23	52	29.5	6.7	5.4	17.4	28	67	79.3	4	0.7	98	99	2.3	4.8	0.1	0.2	84	8.7	95	24.2	0	4.2	0.1
Tuvalu	11	70.3	76.4	73.4	64.9	439	15	54	93	25.3	17.2	207	0.7	10782	18.8	7.9	1.7	16.6	44.35	65	68.6	1.3	0.6	94	92	1.2	6.5	0.4	0.2	54	12.1	50	21.1	0.1	5.2	0.1
Uganda	41488	60.2	64.8	62.5	54.9	46	7.3	343	74	53	21.4	201	3.16	23486474	21.9	9.9	9.5	27.4	141	44	155.7	31.6	3.2	78	89	0.1	0.6	0	0	58	5.6	5	48.7	0.1	12.6	1.4
Ukraine	44439	67.6	77.1	72.5	64	125	6.1	24	100	9.1	5.4	87	0.46	0	24.7	22.4	8.6	10.6	26.1	63	70.7	0.3	2.5	19	31	3	7	0.6	0	49	8.3	95	19.4	0.1	4.6	5
United Arab Emirates	9270	76.5	78.7	77.2	66.7	1402	3.5	6	100	7.7	4	0.79	0.08	40	16.8	2.8	3.8	10.9	34.2	63	54.7	0.1	0.3	99	99	1.6	3.1	0.3	0.4	97	8	95	37.2	0	3.8	0
United Kingdom	65789	79.7	83.2	81.4	71.9	4356	9.9	9	97	4.3	2.6	9.9	0.22	5	10.9	8.9	11.4	2.9	14.4	80	13.8	0.2	0.2	94	89	2.8	8.4	0.5	0.9	89	18.5	95	10.6	0.1	1.3	0.1
United Republic of Tanzania	55572	62	65.8	63.9	56.5	32	6.1	398	64	56.7	21.7	287	1.69	25008679	17.9	5.4	9.4	32.9	132	39	139	38.4	2.7	97	71	0	0.4	0	0	69	7.4	5	25.1	0.1	7.7	0.1
United States of America	322180	76	81	78.5	68.5	9536	16.8	14	99	6.5	3.7	3.1	0.04	932	14.6	15.3	9.8	10.6	22.3	80	13.3	0.2	0.9	95	89	2.6	3	0.3	0.9	100	22.6	95	7.6	0.1	6.5	0.2
Uruguay	3444	73.2	80.8	77.1	68.8	1281	9.2	15	100	9.2	5	29	0.35	1340	16.7	18.4	10.8	16.6	55.6	79	17.5	0.4	0.4	95	92	3.9	5.8	0.7	0.3	87	20	95	8.7	0.1	7.4	0.1
Uzbekistan	31447	69.7	75	72.3	64.5	134	6.2	36	100	24.1	13.8	76	0.6	405951	24.5	7.4	2.7	11.2	29.5	72	81.1	0.4	1	99	99	2.5	12.5	0.2	0	83	9.3	92	28.9	0.1	1.9	0.1
Vanuatu	270	70.1	74.1	72	62.7	99	3.5	78	89	27.6	11.8	56	8.48	271465	23.3	4.5	1	16.6	78	56	135.6	10.4	0.9	64	89	0.2	2.2	0.1	0.1	35	11.8	13	11	0.9	2.5	0
Venezuela (Bolivarian Republic of)	31568	69.5	79	74.1	66.1	973	3.2	95	96	16.3	10.3	32	0.62	282294	18.1	3.7	5.6	45.1	44.35	73	34.6	1.4	0.3	84	53	1.5	3	0.3	0.25	94	3.1	95	16.8	0.1	49.2	0.3
Viet Nam	94569	71.7	80.9	76.3	67.5	117	5.7	54	94	21.6	11.5	133	1.2	6953978	17.1	7.3	8.3	24.5	30.1	73	64.5	1.6	0.9	96	95	0.8	1.4	0.3	0.3	95	7.9	67	30.1	0.1	3.8	0
Yemen	27584	63.9	66.8	65.3	55.1	72	6	385	45	55.3	26.8	48	2.54	5985649	30.6	8.5	0.1	21.5	67	39	194.2	10.2	3.8	71	49	0.3	0.8	0	0.1	48	2.2	65	44.3	0.1	6.1	21.6
Zambia	16591	60.2	64.4	62.3	54.3	69	5.4	224	63	63.4	22.9	376	1.84	11573334	17.9	6.1	4.8	24.7	141	56	127.2	34.9	2.9	91	58	0.1	0.9	0	0.1	64	6.8	16	23.8	0	10.1	0
Zimbabwe	16150	59.6	63.1	61.4	54.4	94	10.3	443	78	56.4	22.9	208	4.38	9958235	19.3	10.7	4.8	28.2	110	55	133	24.6	2.2	90	63	0.1	1.2	0	0	72	8.1	29	19.1	0.2	15.1	0.1
